35904256
35923441
35926297
35946910
35934977
35931012
35907129
35903718
35920989
35923558
35919390
35926349
35939188
35923968
35938695
35908823
35897389
35911737
35921782
35902942
35894659
35934155
35901785
35905575
35921779
35935192
35924101
35911919
35925994
35915559
35949015
35928254
35915017
35909572
35936058
35928072
35901274
35922943
35902785
35920440
35896049
35938008
35938446
35922638
35901243
35932933
35901523
35908315
35911956
35920329
35933324
35907557
35920075
35915787
35920700
35920831
35926117
35918988
35922794
35921503
35948835
35941146
35932917
35928737
35921112
35940109
35914453
35915059
35944169
35920298
35915431
35911144
35933955
35939070
35926116
35927367
35917638
35946328
35917830
35913771
35890589
35933237
35893895
35890693
35905226
35903767
35933289
35925091
35925413
35912201
35910871
35917772
35915702
35939724
35920744
35928924
35925416
35920011
35942014
35929696
