5499
30050
50708
36509
19259
21367
32353
26279
11231
10086
33851
34739
42911
16415
1952
39662
18668
1489
33876
884
12582
27733
51526
43084
27806
8700
7021
29207
44404
44041
28429
20113
20365
42859
11329
47215
55224
2953
14127
33726
19934
12176
24903
34522
44289
2900
16239
35748
7529
25477
3405
11155
3404
5399
6985
48627
46946
17624
14374
2393
8438
10079
20595
15886
53777
34248
40772
42398
10487
23545
30034
468
51515
40378
16246
30815
52802
10492
8898
37037
16473
25201
7510
20353
30056
54277
956
23406
21911
10587
3841
49257
29438
7451
41167
45610
47517
5950
477
34483
