23011531
23192793
23255794
23119385
23130737
23094734
23088916
23259919
23163064
23172147
23107470
23349361
23209096
23090452
23135161
23118808
23205113
23298070
23174346
23180070
23239791
23113266
23197802
23095338
23087456
23224632
23173469
23063336
23140865
23282910
23211640
23276117
23249007
23102414
23114114
23144089
23127599
23257074
23111628
23193916
22929086
23106881
23168363
23193033
23128440
23305222
23106798
23136784
23115849
23339269
23158305
23052548
23246575
23212267
23227642
23230203
23119176
23178054
23232853
23201041
23302050
23046248
23088082
23085358
23139903
23081192
23233020
23219216
23230271
23135595
23110532
23151581
23233964
23211447
23132202
23159386
23313884
23179262
23159312
23197819
23287787
23168988
23137337
23107643
23104178
23057732
23233892
23099776
23318039
23280042
23046831
23216310
23115221
23205101
23196658
23289594
23243041
23195401
23161996
23057705
