75930364
75918051
75909653
75921853
75918568
75900522
75915449
75936118
75937034
75916672
75921218
75938607
75902676
75926000
75894981
75950638
75900906
75939369
75908763
75902209
75905637
75931886
75895317
75917420
75915288
75915075
75932673
75901244
75918825
75930970
75911036
75923006
75933252
75920130
75935285
75934012
75930219
75926938
75932747
75907314
75900435
75909190
75925930
75911680
75933130
75918209
75922735
75929548
75906734
75910222
75900521
75931562
75901556
75920866
75917209
75937633
75899875
75921520
75934531
75903351
75913135
75934615
75912407
75941450
75923232
75928045
75920665
75909206
75938243
75935648
75942404
75938201
75934011
75901878
75950150
75909044
75921524
75898346
75922431
75899730
75934926
75917644
75930637
75923038
75920793
75919806
75932107
75918455
75919373
75914608
75906390
75932829
75907825
75914119
75936838
75903463
75906732
75909403
75941642
75910596
