479623
481684
479583
479517
479249
480831
479970
478888
479054
480484
479799
482471
482038
481781
478940
478939
478724
481789
477896
479205
480020
481186
479247
478246
480853
481168
480638
480117
480908
479668
480261
481046
478327
480743
481158
480175
479191
480290
480160
481489
478874
477334
477719
480361
479476
481415
480154
479244
480529
479873
480512
479536
478826
478486
480725
479942
482112
481509
480655
481180
482097
480305
481228
478710
479465
480476
481089
478656
480094
481390
481074
478862
481143
480400
479596
480902
479621
478560
482283
479163
480473
481931
479231
479117
480848
479675
480710
479029
480685
481926
477884
479395
478904
478229
480506
482538
481130
479634
481457
481343
