481790
480468
479724
478542
480165
478666
479467
480446
478365
477974
480238
480570
478959
481459
478933
478232
479418
480073
479315
480821
478920
476562
480477
481182
480400
479956
480503
478985
478793
478256
477346
480080
481736
480230
478343
480245
480182
479570
482259
479447
478693
481664
478227
477903
481397
478859
480424
480162
477837
480111
480857
480401
479846
478019
480840
479573
481164
480043
480700
479801
478789
479662
479544
478693
479618
478933
480719
479960
479723
479620
480337
479960
482079
478085
479606
481422
480813
480442
481705
479521
478951
479281
480617
479510
478916
480315
478518
480566
480235
479232
478583
480568
481654
481327
480767
482225
479555
478012
480638
478102
