479823
479771
480563
479389
479162
479798
481847
479695
483142
479056
480791
478947
479684
480366
481657
481632
480541
480200
479824
478135
482222
481468
478846
481331
477448
479923
480027
481227
480072
479735
481067
479907
479405
480699
480314
479646
479729
480735
479829
479958
480848
480953
482054
479456
478778
478915
479345
478071
479464
480998
478795
480895
482386
480344
480269
482528
481625
479729
480141
479212
479667
480839
479815
476738
478857
480780
479281
480725
479324
479924
480424
477887
480053
479336
480723
477510
479032
478683
480678
479409
483245
479247
479420
479415
478661
481101
479897
477916
480777
480726
478697
478691
480256
481151
480991
478307
480304
480066
479184
479508
