347970
345960
347266
347216
346978
346403
346591
347133
344548
347121
346681
345138
346181
345498
346857
346008
347860
345087
347184
345514
345371
345319
346290
346164
345841
347023
345826
346831
346764
347574
348824
345524
347320
346161
346747
346874
346593
345412
346124
345607
347382
346051
346035
346621
345596
346936
346187
345520
347193
346404
345915
347708
346956
346710
346063
346869
345821
347087
344998
345473
346125
345376
348488
346076
346837
346413
346703
347488
346741
347091
347384
346115
346477
345465
346403
346379
347970
347971
346807
345394
346557
347447
347060
347878
346259
347797
346238
346461
346388
345593
345572
345573
345937
346108
346852
346609
345213
346392
346678
345493
